============================================================
Left Hill Boundary Node (F1 , F5 ) 
============================================================
F1:
( 14,  3) ( 15,  3) ( 16,  3) ( 17,  3) ( 18,  3) ( 19,  3) ( 20,  3) ( 21,  3) ( 22,  3) ( 23,  3) 
( 24,  3) ( 25,  3) ( 26,  3) ( 27,  3) ( 28,  3) ( 29,  3) ( 30,  3) ( 31,  3) ( 32,  3) ( 33,  3) 
( 34,  3) ( 35,  3) ( 36,  3) ( 37,  3) ( 38,  3) ( 39,  3) ( 40,  3) ( 41,  3) ( 42,  3) ( 43,  3) 
( 44,  3) ( 45,  3) 

F5:
(  9,  3) ( 10,  3) ( 11,  3) ( 12,  3) ( 13,  3) ( 14,  3) ( 14,  4) ( 15,  3) ( 15,  4) ( 16,  3) 
( 16,  4) ( 17,  3) ( 17,  4) ( 18,  3) ( 18,  4) ( 19,  3) ( 19,  4) ( 20,  3) ( 20,  4) ( 21,  3) 
( 21,  4) ( 22,  3) ( 22,  4) ( 23,  3) ( 23,  4) ( 24,  3) ( 24,  4) ( 25,  3) ( 25,  4) ( 26,  3) 
( 26,  4) ( 27,  3) ( 27,  4) ( 28,  3) ( 28,  4) ( 29,  3) ( 29,  4) ( 30,  3) ( 30,  4) ( 31,  3) 
( 31,  4) ( 32,  3) ( 33,  3) ( 34,  3) ( 35,  3) ( 36,  3) ( 37,  3) ( 38,  3) ( 39,  3) ( 40,  3) 
( 41,  3) ( 42,  3) ( 43,  3) ( 44,  3) ( 45,  3) ( 46,  3) ( 47,  3) ( 48,  3) ( 49,  3) ( 50,  3) 
( 51,  3) ( 52,  3) ( 53,  3) ( 54,  3) ( 55,  3) ( 56,  3) ( 57,  3) 

============================================================
Right Hill Boundary Node (F3 , F6 ) 
============================================================
F3:
(217,  3) (218,  3) (219,  3) (220,  3) (221,  3) (222,  3) (223,  3) (224,  3) (225,  3) (226,  3) 
(227,  3) (228,  3) (229,  3) (230,  3) (231,  3) (232,  3) (233,  3) (234,  3) (235,  3) (236,  3) 
(237,  3) (238,  3) (239,  3) (240,  3) (241,  3) (242,  3) (243,  3) (244,  3) (245,  3) (246,  3) 
(247,  3) (248,  3) 

F6:
(205,  3) (206,  3) (207,  3) (208,  3) (209,  3) (210,  3) (211,  3) (212,  3) (213,  3) (214,  3) 
(215,  3) (216,  3) (217,  3) (218,  3) (219,  3) (220,  3) (221,  3) (222,  3) (223,  3) (224,  3) 
(225,  3) (226,  3) (227,  3) (228,  3) (229,  3) (230,  3) (231,  3) (231,  4) (232,  3) (232,  4) 
(233,  3) (233,  4) (234,  3) (234,  4) (235,  3) (235,  4) (236,  3) (236,  4) (237,  3) (237,  4) 
(238,  3) (238,  4) (239,  3) (239,  4) (240,  3) (240,  4) (241,  3) (241,  4) (242,  3) (242,  4) 
(243,  3) (243,  4) (244,  3) (244,  4) (245,  3) (245,  4) (246,  3) (246,  4) (247,  3) (247,  4) 
(248,  3) (248,  4) (249,  3) (250,  3) (251,  3) (252,  3) (253,  3) 
